   0.0000000000
   0.0100000000
   0.0200000000
   0.0300000000
   0.0400000000
   0.0500000000
   0.0600000000
   0.0700000000
   0.0800000000
   0.0900000000
   0.1000000000
   0.1100000000
   0.1200000000
   0.1300000000
   0.1400000000
   0.1500000000
   0.1600000000
   0.1700000000
   0.1800000000
   0.1900000000
   0.2000000000
   0.2100000000
   0.2200000000
   0.2300000000
   0.2400000000
   0.2500000000
   0.2600000000
   0.2700000000
   0.2800000000
   0.2900000000
   0.3000000000
   0.3100000000
   0.3200000000
   0.3300000000
   0.3400000000
   0.3500000000
   0.3600000000
   0.3700000000
   0.3800000000
   0.3900000000
   0.3925000000
   0.3950000000
   0.3975000000
   0.4000000000
   0.4025000000
   0.4050000000
   0.4075000000
   0.4100000000
   0.4125000000
   0.4150000000
   0.4175000000
   0.4200000000
   0.4225000000
   0.4250000000
   0.4275000000
   0.4300000000
   0.4325000000
   0.4350000000
   0.4375000000
   0.4400000000
   0.4425000000
   0.4450000000
   0.4475000000
   0.4500000000
   0.4525000000
   0.4550000000
   0.4575000000
   0.4600000000
   0.4625000000
   0.4650000000
   0.4675000000
   0.4700000000
   0.4725000000
   0.4750000000
   0.4775000000
   0.4800000000
   0.4825000000
   0.4850000000
   0.4875000000
   0.4900000000
   0.4925000000
   0.4950000000
   0.4975000000
   0.5000000000
   0.5025000000
   0.5050000000
   0.5075000000
   0.5100000000
   0.5125000000
   0.5150000000
   0.5175000000
   0.5200000000
   0.5225000000
   0.5250000000
   0.5275000000
   0.5300000000
   0.5325000000
   0.5350000000
   0.5375000000
   0.5400000000
   0.5425000000
   0.5450000000
   0.5475000000
   0.5500000000
   0.5525000000
   0.5550000000
   0.5575000000
   0.5600000000
   0.5625000000
   0.5650000000
   0.5675000000
   0.5700000000
   0.5725000000
   0.5750000000
   0.5775000000
   0.5800000000
   0.5825000000
   0.5850000000
   0.5875000000
   0.5900000000
   0.5925000000
   0.5950000000
   0.5975000000
   0.6000000000
   0.6025000000
   0.6050000000
   0.6075000000
   0.6100000000
   0.6125000000
   0.6150000000
   0.6175000000
   0.6200000000
   0.6300000000
   0.6400000000
   0.6500000000
   0.6600000000
   0.6700000000
   0.6800000000
   0.6900000000
   0.7000000000
   0.7100000000
   0.7200000000
   0.7300000000
   0.7400000000
   0.7500000000
   0.7600000000
   0.7700000000
   0.7800000000
   0.7900000000
   0.8000000000
   0.8100000000
   0.8200000000
   0.8300000000
   0.8400000000
   0.8500000000
   0.8600000000
   0.8700000000
   0.8800000000
   0.8900000000
   0.9000000000
   0.9100000000
   0.9200000000
   0.9300000000
   0.9400000000
   0.9500000000
   0.9600000000
   0.9700000000
   0.9800000000
   0.9900000000
   1.0000000000
   0.0000000000
   0.0100000000
   0.0200000000
   0.0300000000
   0.0400000000
   0.0500000000
   0.0600000000
   0.0700000000
   0.0800000000
   0.0900000000
   0.1000000000
   0.1100000000
   0.1200000000
   0.1300000000
   0.1400000000
   0.1500000000
   0.1600000000
   0.1700000000
   0.1800000000
   0.1900000000
   0.2000000000
   0.2100000000
   0.2200000000
   0.2300000000
   0.2400000000
   0.2500000000
   0.2600000000
   0.2700000000
   0.2800000000
   0.2900000000
   0.3000000000
   0.3100000000
   0.3200000000
   0.3300000000
   0.3400000000
   0.3500000000
   0.3600000000
   0.3700000000
   0.3800000000
   0.3900000000
   0.3925000000
   0.3950000000
   0.3975000000
   0.4000000000
   0.4025000000
   0.4050000000
   0.4075000000
   0.4100000000
   0.4125000000
   0.4150000000
   0.4175000000
   0.4200000000
   0.4225000000
   0.4250000000
   0.4275000000
   0.4300000000
   0.4325000000
   0.4350000000
   0.4375000000
   0.4400000000
   0.4425000000
   0.4450000000
   0.4475000000
   0.4500000000
   0.4525000000
   0.4550000000
   0.4575000000
   0.4600000000
   0.4625000000
   0.4650000000
   0.4675000000
   0.4700000000
   0.4725000000
   0.4750000000
   0.4775000000
   0.4800000000
   0.4825000000
   0.4850000000
   0.4875000000
   0.4900000000
   0.4925000000
   0.4950000000
   0.4975000000
   0.5000000000
   0.5025000000
   0.5050000000
   0.5075000000
   0.5100000000
   0.5125000000
   0.5150000000
   0.5175000000
   0.5200000000
   0.5225000000
   0.5250000000
   0.5275000000
   0.5300000000
   0.5325000000
   0.5350000000
   0.5375000000
   0.5400000000
   0.5425000000
   0.5450000000
   0.5475000000
   0.5500000000
   0.5525000000
   0.5550000000
   0.5575000000
   0.5600000000
   0.5625000000
   0.5650000000
   0.5675000000
   0.5700000000
   0.5725000000
   0.5750000000
   0.5775000000
   0.5800000000
   0.5825000000
   0.5850000000
   0.5875000000
   0.5900000000
   0.5925000000
   0.5950000000
   0.5975000000
   0.6000000000
   0.6025000000
   0.6050000000
   0.6075000000
   0.6100000000
   0.6125000000
   0.6150000000
   0.6175000000
   0.6200000000
   0.6300000000
   0.6400000000
   0.6500000000
   0.6600000000
   0.6700000000
   0.6800000000
   0.6900000000
   0.7000000000
   0.7100000000
   0.7200000000
   0.7300000000
   0.7400000000
   0.7500000000
   0.7600000000
   0.7700000000
   0.7800000000
   0.7900000000
   0.8000000000
   0.8100000000
   0.8200000000
   0.8300000000
   0.8400000000
   0.8500000000
   0.8600000000
   0.8700000000
   0.8800000000
   0.8900000000
   0.9000000000
   0.9100000000
   0.9200000000
   0.9300000000
   0.9400000000
   0.9500000000
   0.9600000000
   0.9700000000
   0.9800000000
   0.9900000000
   1.0000000000
   0.0000000000
   0.0100000000
   0.0200000000
   0.0300000000
   0.0400000000
   0.0500000000
   0.0600000000
   0.0700000000
   0.0800000000
   0.0900000000
   0.1000000000
   0.1100000000
   0.1200000000
   0.1300000000
   0.1400000000
   0.1500000000
   0.1600000000
   0.1700000000
   0.1800000000
   0.1900000000
   0.2000000000
   0.2100000000
   0.2200000000
   0.2300000000
   0.2400000000
   0.2500000000
   0.2600000000
   0.2700000000
   0.2800000000
   0.2825000000
   0.2850000000
   0.2875000000
   0.2900000000
   0.2925000000
   0.2950000000
   0.2975000000
   0.3000000000
   0.3025000000
   0.3050000000
   0.3075000000
   0.3100000000
   0.3125000000
   0.3150000000
   0.3175000000
   0.3200000000
   0.3225000000
   0.3250000000
   0.3275000000
   0.3300000000
   0.3325000000
   0.3350000000
   0.3375000000
   0.3400000000
   0.3425000000
   0.3450000000
   0.3475000000
   0.3500000000
   0.3525000000
   0.3550000000
   0.3575000000
   0.3600000000
   0.3625000000
   0.3650000000
   0.3675000000
   0.3700000000
   0.3725000000
   0.3750000000
   0.3775000000
   0.3800000000
   0.3825000000
   0.3850000000
   0.3875000000
   0.3900000000
   0.3925000000
   0.3950000000
   0.3975000000
   0.4000000000
   0.4025000000
   0.4050000000
   0.4075000000
   0.4100000000
   0.4125000000
   0.4150000000
   0.4175000000
   0.4200000000
   0.4225000000
   0.4250000000
   0.4275000000
   0.4300000000
   0.4325000000
   0.4350000000
   0.4375000000
   0.4400000000
   0.4425000000
   0.4450000000
   0.4475000000
   0.4500000000
   0.4525000000
   0.4550000000
   0.4575000000
   0.4600000000
   0.4625000000
   0.4650000000
   0.4675000000
   0.4700000000
   0.4725000000
   0.4750000000
   0.4775000000
   0.4800000000
   0.4825000000
   0.4850000000
   0.4875000000
   0.4900000000
   0.4925000000
   0.4950000000
   0.4975000000
   0.5000000000
   0.5025000000
   0.5050000000
   0.5075000000
   0.5100000000
   0.5125000000
   0.5150000000
   0.5175000000
   0.5200000000
   0.5225000000
   0.5250000000
   0.5275000000
   0.5300000000
   0.5325000000
   0.5350000000
   0.5375000000
   0.5400000000
   0.5425000000
   0.5450000000
   0.5475000000
   0.5500000000
   0.5525000000
   0.5550000000
   0.5575000000
   0.5600000000
   0.5700000000
   0.5800000000
   0.5900000000
   0.6000000000
   0.6100000000
   0.6200000000
   0.6300000000
   0.6400000000
   0.6500000000
   0.6600000000
   0.6700000000
   0.6800000000
   0.6900000000
   0.7000000000
   0.7100000000
   0.7200000000
   0.7300000000
   0.7400000000
   0.7500000000
   0.7600000000
   0.7700000000
   0.7800000000
   0.7900000000
   0.8000000000
   0.8100000000
   0.8200000000
   0.8300000000
   0.8400000000
   0.8500000000
   0.8600000000
   0.8700000000
   0.8800000000
   0.8900000000
   0.9000000000
   0.9100000000
   0.9200000000
   0.9300000000
   0.9400000000
   0.9500000000
   0.9600000000
   0.9700000000
   0.9800000000
   0.9900000000
   1.0000000000
